   5.1908720e+01
   3.5222914e+01
   1.3068085e+00
  -5.2971101e+00
   2.0373039e+00
   1.0509377e+01
   2.8907153e+01
   2.1326547e+01
   6.5068716e+01
   5.1149033e+01
   1.0548058e+02
   9.0615215e+00
  -1.5700908e+00
   2.1907938e+00
   3.2987108e+01
   6.4896508e+01
  -1.7369764e-01
  -1.6059825e-01
  -3.8962221e+00
   3.4902830e+00
  -7.0885569e+00
   1.6880074e-01
   9.4682409e+00
  -8.1426584e-01
   7.9847168e+01
   1.1794255e+01
   9.9638724e+01
   4.2105671e+01
   1.3088542e+02
  -1.4280771e+00
   4.5500027e+01
  -7.5615903e+00
   4.1841657e+01
   3.6946390e+01
  -5.4317032e+00
   8.7758198e+00
   5.9952660e+00
   4.5003792e+01
   7.3061511e+01
  -2.2666174e-01
   5.6174792e+01
   3.2342687e+01
   1.6635834e+01
   2.1370724e+01
   2.1698482e+01
   9.5229857e+01
  -1.5403800e+00
   2.8932535e+00
  -2.8113918e+00
   2.1840036e+00
   5.2466099e+01
   6.0345604e-01
   6.7787989e+01
   3.0378690e+01
   4.5310701e+00
   3.0455847e+00
   4.2854380e+01
   1.5855470e+01
  -1.0019646e+01
   8.4356221e-01
   2.4095076e+01
  -1.0672308e+01
   7.1055989e+01
  -1.3355364e+00
   1.0389050e+02
  -1.0087556e+01
   5.4022873e+01
  -1.9623717e+00
  -9.7698249e+00
  -8.9606387e+00
   2.9848049e+01
   3.2452645e+01
   2.1008499e+01
   1.8931647e+00
   2.6851483e+01
   3.6760224e+01
   3.9503147e+01
   2.4317170e+01
   1.0327998e+02
  -3.9514495e+00
   6.6223563e+01
  -8.7213374e+00
  -6.7442429e+00
   1.9904819e+01
   1.3268558e+01
   1.5732464e+01
   4.3127541e+01
   6.0091378e+01
  -3.7390494e-01
   3.0035068e+01
   1.1729757e+01
   7.1537715e+01
   7.2061389e+01
  -1.4946853e+00
   3.2902501e+01
   1.8528129e+01
   2.4731518e+01
   7.8036618e+01
  -1.0828865e+01
  -7.3001675e+00
